0
0
0
0
0
0
0
0
0
0
0
0
0
0
0
0
0
0
0
0
0
0
0
0
0
0
0
0
0
0
0
0
0
0
0
0
0
0
0
0
0
0
0
0
0
0
0
0
0
0
0
0
0
0
0
0
0
0
0
0
0
0
0
0
0
0
0
0
0
0
0
0
0
0
0
0
0
0
0
0
0
0
0
0
0
0
0
0
0
0
0
0
0
0
0
0
0
0
0
0
0
0
0
0
0
0
0
0
0
0
0
0
0
0
0
0
0
0
0
0
0
0
0
0
0
0
0
0
0
0
0
0
0
0
0
0
0
0
0
0
0
0
0
0
0
0
0
0
0
0
0
0
0
0
0
0
0
0
0
0
0
0
0
0
0
0
0
0
0
0
0
0
0
0
0
0
0
0
0
0
0
0
0
0
0
0
0
0
0
0
0
0
0
0
0
0
0
0
0
0
0
0
0
0
0
0
0
0
0
0
0
0
0
0
0
0
0
0
0
0
0
0
0
0
0
0
0
0
0
0
0
0
0
0
0
0
0
0
0
0
0
0
0
0
0
0
0
0
0
0
0
0
0
0
0
0
0
0
0
0
0
0
0
0
0
0
0
0
0
0
0
0
0
0
0
0
0
0
0
0
0
0
0
0
0
0
0
0
0
0
0
0
0
0
0
0
0
0
0
0
0
0
0
0
0
0
0
0
0
0
0
0
0
0.017775118177234
0.017775118177234
0.017775118177234
0.017775118177234
0.0213744803571341
0.0213744803571341
0.0213744803571341
0.0213744803571341
0.0213744803571341
0.0213744803571341
0.0213744803571341
0.038267204332329
0.038267204332329
0.038267204332329
0.0460995419499682
0.1054927676659134
0.1301304532421538
0.1551400987856588
0.1656514360988747
0.1656514360988747
0.1656514360988747
0.1687409180821374
0.1931830631812495
0.1931830631812495
0.200992875309013
0.2427606562688845
0.2427606562688845
0.2427606562688845
0.2427606562688845
0.2427606562688845
0.2427606562688845
0.2442609128642739
0.2442609128642739
0.2442609128642739
0.2442609128642739
0.2442609128642739
0.2442609128642739
0.2442609128642739
0.2442609128642739
0.2442609128642739
0.2442609128642739
0.2442609128642739
0.2442609128642739
0.2751860321325111
0.2751860321325111
0.2884613100248107
0.3240892271529959
0.3240892271529959
0.3472613152794748
0.3472613152794748
0.3472613152794748
0.3472613152794748
0.3472613152794748
0.3472613152794748
0.3472613152794748
0.3472613152794748
0.3472613152794748
0.3472613152794748
0.3472613152794748
0.3472613152794748
0.3472613152794748
0.3472613152794748
0.3472613152794748
0.3472613152794748
0.3472613152794748
0.3472613152794748
0.3472613152794748
0.3472613152794748
0.3561611742259284
0.4546348630746235
0.4612055994773125
0.5124563103239073
0.5124563103239073
0.5124563103239073
0.5265230711410142
0.5520034903354072
0.5520034903354072
0.5674629072292628
0.5763331329047571
0.5763331329047571
0.5819017392962742
0.6224619233950186
0.6313774418771751
0.647542436514361
0.647542436514361
0.6632075123005707
0.6632075123005707
0.6632075123005707
0.6632075123005707
0.6632075123005707
0.6632075123005707
0.6663614020478239
0.7103255259059964
0.732501463038703
0.7723076390080998
0.7918394830727024
0.7998825815054741
0.8433071910526722
0.869257656280017
0.9250108968615932
0.9397902595265488
1.0126495126833095
1.0126495126833095
1.0216182037849748
1.0216182037849748
1.0739882694981056
1.0739882694981056
1.0739882694981056
1.0739882694981056
1.086710126854318
1.1424036166998128
1.1596755912741072
1.1723322178709643
1.2276406420748005
1.2276406420748005
1.2608671590690497
1.2608671590690497
1.3129724008915822
1.3325298328718476
1.3325298328718476
1.3329943313416723
1.3413331792195102
1.4001361152573872
1.4323468124659071
1.4709934834021916
1.4709934834021916
1.4709934834021916
1.4709934834021916
1.4915555238222746
1.5026214371980078
1.5026214371980078
1.5026214371980078
1.5026214371980078
1.5068834121502857
1.5481444185998487
1.5766285282919783
1.5766285282919783
1.6228597083607104
1.6355623567694069
1.6355623567694069
1.6355623567694069
1.6802836351006345
1.693737912614906
1.715430888552005
1.734296917653104
1.734296917653104
1.734296917653104
1.7610569681297092
1.801064556579102
1.845987486420009
1.868139104413597
1.884976489384295
1.8902897128859304
1.9185169880958888
1.9610898223662008
2.039118438741577
2.039118438741577
2.0770780224659604
2.1335683228861804
2.1335683228861804
2.1362411537366475
2.156244315407104
2.162383156280018
2.162383156280018
2.162383156280018
2.178727342160005
2.178727342160005
2.186996788740247
2.2336083051577686
2.244629718551152
2.244629718551152
2.2672866051727296
2.2994534001057407
2.313967247656259
2.319417649657739
2.3596235905948584
2.3908366035447
2.3908366035447
2.410552179950611
2.410552179950611
2.4299200025113885
2.45545978535262
2.4680594947319703
2.4680594947319703
2.4680594947319703
2.490744223357248
2.558100239259916
2.559894658688266
2.579920877548668
2.6119675443642243
2.6119675443642243
2.6119675443642243
2.6119675443642243
2.6119675443642243
2.6119675443642243
2.6119675443642243
2.6119675443642243
2.6119675443642243
2.6119675443642243
2.6119675443642243
2.617306997934096
2.617306997934096
2.627499372643723
2.627499372643723
2.687750198900116
2.744964274383469
2.805280370470775
2.838516271469288
2.838516271469288
2.8603598964081574
2.8603598964081574
2.892720241475118
2.933699049904761
2.933699049904761
2.9758601938052944
2.9758601938052944
2.9758601938052944
2.9758601938052944
2.9758601938052944
2.9998087239164275
3.0336913187872137
3.0336913187872137
3.047287774369296
3.0815991367306577
3.0815991367306577
3.0815991367306577
3.1257347235617563
3.1257347235617563
3.1257347235617563
3.1257347235617563
3.1292165983162707
3.1582777004207867
3.177110847947777
3.177110847947777
3.179116695903484
3.179116695903484
3.2108972415395924
3.2108972415395924
3.232678824412729
3.232678824412729
3.2499267732915125
3.2557657023765785
3.2968594939545723
3.31239108253044
3.3308421092299
3.347786069239413
3.3666731107586645
3.4386542326019933
3.441425929077658
3.441425929077658
3.441425929077658
3.446079308941473
3.4697494024126665
3.4697494024126665
3.4697494024126665
3.4697494024126665
3.482956424183163
3.5389036296081464
3.545135584912079
3.549949086973184
3.628111577061069
3.664053640638568
3.6714723080551055
3.6747096105685935
3.7111806523217767
3.7111806523217767
3.7111806523217767
3.7111806523217767
3.7111806523217767
3.721417666872667
3.768499561696345
3.824750355895803
3.839102162665777
3.848869630822605
3.8848056054389786
3.908472858859788
3.922336579756749
3.928823022927282
3.974107946280873
4.0171858136400695
4.077326596750222
4.094841736326009
4.09746165401348
4.11498181417741
4.122089274006862
4.13277981999474
4.13277981999474
4.1870341948922665
4.187860685088031
4.225388777875048
4.25232273005732
4.256275330665784
4.278631249108421
4.285610801920996
4.321164246612486
4.321164246612486
4.347365742179057
4.411073530577272
4.422673358167392
4.437934129843976
4.437934129843976
4.442477966314801
4.469836009404293
4.469836009404293
4.490619892883836
4.517096787811054
4.56286333042366
4.56286333042366
4.56286333042366
4.596731965727672
4.623717852178904
4.662859771872816
4.713447696159239
4.734121672562164
4.734380263120996
4.740871252167715
4.771950946205711
4.771950946205711
4.804197066240588
4.804197066240588
4.816907017983688
4.816907017983688
4.816907017983688
4.816907017983688
4.820538500392296
4.861123019359084
4.880000123690699
4.880000123690699
4.896881570895657
4.896881570895657
4.896881570895657
4.901284782907187
4.991866974992623
4.991866974992623
4.991866974992623
4.991866974992623
4.991866974992623
4.991866974992623
4.991866974992623
4.991866974992623
4.991866974992623
5.041730790764654
5.067845977962169
5.082120932071779
5.122146657011018
5.122146657011018
5.142112676426178
5.180600776236927
5.190315273793581
5.236671524567833
5.243041815063093
5.2997506529605145
5.34446126060699
5.389743399248756
5.415805594872252
5.449352896422972
5.458711290881279
5.472545516213685
5.482408276250644
5.501717980589723
5.532916967506359
5.572094984861376
5.572094984861376
5.60721764170853
5.60721764170853
5.60721764170853
5.60721764170853
5.61894738738032
5.61894738738032
5.61894738738032
5.623954381461347
5.657850506295242
5.671102918834084
5.672049878191267
5.672049878191267
5.715496480295636
5.715496480295636
5.715496480295636
5.715496480295636
5.715496480295636
5.7375832276811645
5.740959085722115
5.744409525205689
5.744409525205689
5.744409525205689
5.744409525205689
5.744409525205689
5.744409525205689
5.744409525205689
5.744409525205689
5.744409525205689
5.744409525205689
5.744409525205689
5.744409525205689
5.744409525205689
5.744409525205689
5.744409525205689
5.744409525205689
5.801626667909662
5.820521401248364
5.830997798520991
5.856417105398792
5.856417105398792
5.856417105398792
5.856417105398792
5.856417105398792
5.856417105398792
5.860546246458795
5.867067912719592
5.9225048308541695
5.994566629361635
6.007121542756529
6.060303795670627
6.133341687937482
6.148519761351883
6.14971408563931
6.14971408563931
6.14971408563931
6.14971408563931
6.201026479141042
6.203678338302366
6.214696912141785
6.227172271212249
6.293896717211544
6.293896717211544
6.306422854523021
6.330347663207704
6.388597067016618
6.3961800846261525
6.431378604295582
6.432480267160882
6.4834217417770805
6.4834217417770805
6.495026516956477
6.508834541018674
6.508834541018674
6.508834541018674
6.508834541018674
6.540069263293351
6.571750696054681
6.586034594212533
6.586034594212533
6.586034594212533
6.586034594212533
6.611654222075892
6.629265413193585
6.692165542917861
6.757083491892322
6.776808764403173
6.783081176753045
6.783081176753045
6.783081176753045
6.791494877325542
6.800555513642846
6.815614144843351
6.815614144843351
6.816273083807236
6.8551792772468
6.915587309887712
6.915587309887712
6.915587309887712
6.9181630303415895
6.9181630303415895
6.921791351350968
6.92676601617237
6.946522393119156
6.9664982578649735
6.9664982578649735
6.979236605230847
7.051805340656616
7.051805340656616
7.087309502916041
7.096359486543537
7.140033195744436
7.14481553866225
7.151254621183548
7.174697396363727
7.196924402020192
7.234705127430441
7.234705127430441
7.244983631995499
7.244983631995499
7.244983631995499
7.244983631995499
7.244983631995499
7.269912541290224
7.269912541290224
7.269912541290224
7.269912541290224
7.269912541290224
7.269912541290224
7.269912541290224
7.269912541290224
7.269912541290224
7.269912541290224
7.269912541290224
7.269912541290224
7.269912541290224
7.269912541290224
7.269912541290224
7.269912541290224
7.269912541290224
7.269912541290224
7.269912541290224
7.269912541290224
7.269912541290224
7.269912541290224
7.269912541290224
7.269912541290224
7.269912541290224
7.269912541290224
7.269912541290224
7.269912541290224
7.269912541290224
7.269912541290224
7.269912541290224
7.269912541290224
7.302347633783814
7.302347633783814
7.302347633783814
7.302347633783814
7.302347633783814
7.302347633783814
7.302347633783814
7.302347633783814
7.302347633783814
7.302347633783814
7.302347633783814
7.302347633783814
7.302347633783814
7.302347633783814
7.302347633783814
7.302347633783814
7.302347633783814
7.302347633783814
7.302347633783814
7.302347633783814
7.302347633783814
7.302347633783814
7.302347633783814
7.302347633783814
7.302347633783814
7.302347633783814
7.302347633783814
7.302347633783814
7.322200623413918
7.322200623413918
7.322200623413918
7.322200623413918
7.322200623413918
7.322200623413918
7.322200623413918
7.322200623413918
7.322200623413918
7.338195200913653
7.338195200913653
7.338195200913653
7.338195200913653
7.338195200913653
7.338195200913653
7.338195200913653
7.338195200913653
7.338195200913653
7.338195200913653
7.338195200913653
7.338195200913653
7.338195200913653
7.343203555808712
7.343203555808712
7.343203555808712
7.347122168159661
7.376123767367613
7.376123767367613
7.376123767367613
7.380701247970386
7.380701247970386
7.380701247970386
7.380701247970386
7.420288809974555
7.420288809974555
7.4317831844630176
7.4317831844630176
7.4317831844630176
7.4317831844630176
7.4317831844630176
7.4317831844630176
7.4317831844630176
7.4317831844630176
7.4317831844630176
7.4435703978069245
7.45541944760398
7.462681395689301
7.463873503077324
7.503988850818455
7.503988850818455
7.503988850818455
7.503988850818455
7.503988850818455
7.503988850818455
7.503988850818455
7.516592889351673
7.516592889351673
7.516592889351673
7.516592889351673
7.516592889351673
7.524180327188474
7.524180327188474
7.524180327188474
7.524180327188474
7.524180327188474
7.524180327188474
7.524180327188474
7.524180327188474
7.524180327188474
7.524180327188474
7.524180327188474
7.524180327188474
7.535847683408765
7.541003389535489
7.577091445217528
7.59244102897906
7.59244102897906
7.59244102897906
7.59244102897906
7.59244102897906
7.59244102897906
7.59244102897906
7.612001626990269
7.638219857230111
7.638219857230111
7.638219857230111
7.642251653099247
7.692454208094117
7.692454208094117
7.692454208094117
7.692454208094117
7.692454208094117
7.692454208094117
7.692454208094117
7.692454208094117
7.739745453586714
7.7662141491547665
7.7680413840672
7.7680413840672
7.7680413840672
7.7680413840672
7.7680413840672
7.7680413840672
7.7680413840672
7.7680413840672
7.7680413840672
7.7680413840672
7.7680413840672
7.7680413840672
7.7680413840672
7.7680413840672
7.7680413840672
7.7680413840672
7.7680413840672
7.7680413840672
7.7680413840672
7.7680413840672
7.7680413840672
7.7680413840672
7.7680413840672
7.7680413840672
7.7680413840672
7.7680413840672
7.7680413840672
7.7680413840672
7.7680413840672
7.7680413840672
7.7680413840672
7.7680413840672
7.7680413840672
7.7680413840672
7.7680413840672
7.7680413840672
7.7680413840672
7.7680413840672
7.7680413840672
7.7680413840672
7.7680413840672
7.7680413840672
7.7680413840672
7.7680413840672
7.7680413840672
