1.6665391818079025
1.75878530756947
1.8663664349265645
1.53680883420985
1.487622437071606
1.6438685432457063
1.5264863265019752
1.5030000548824136
1.199467656478616
1.735716401759784
1.7825918183637748
1.8138326191317014
1.723980380347184
1.8326045554385866
1.8443469795085388
1.7425817270384125
1.7817384742928013
1.697220368263789
1.7493545566925475
1.7809296953990492
1.8829634434704479
1.7025222579717627
1.3027805950379288
1.7534982880402867
1.6605062321932391
1.740226864582063
0.9650352690523627
1.2621440438598943
1.6402102992637841
1.4401998306079222
1.5407818838497358
1.7344389758619563
1.8252189186571184
1.2455843063530405
1.6524821159413636
1.7198678605024194
1.586108288844767
1.566691093734811
1.650707929164949
1.7576185152850847
1.334102756513561
1.644311683462098
1.8408813810810545
1.6807294625259026
1.5353131350802112
1.5568407442188474
1.7276728868666336
1.4188487710942268
1.7987285551869028
1.8040386295541309
1.7107665031105659
1.7502354502156117
1.6684266331696846
1.651528516885305
1.8306756497050132
1.7926765283246087
1.4986135515175036
1.692898221168053
1.6530966851596243
1.7440019348256453
1.7344735335572243
1.7799689258414342
1.724545426975943
1.732524635617851
1.367703325875215
1.27160098361978
1.7346889417014946
1.7458420871440796
1.40670074839648
1.3724010663952868
1.4914122985395888
1.6211157746953253
1.7041005899743749
1.7523636623638474
1.5026915064039195
1.7871184805060503
1.665025950401918
1.4520042769618915
1.7629732147610973
1.7234783965756537
1.749115836824614
1.6167199971722552
1.7284305198996532
1.8903804779166316
1.7301321681642765
1.2294279822022403
1.7557528867527314
1.8457025135099923
1.6785548122875027
1.662434839716909
1.6057330357147181
1.6890051502996775
1.4342955354199527
1.7157804534462573
1.8285809830368007
1.449036121572628
1.5587646468411478
1.7499169837319761
1.7975487455254324
1.665591992593868
1.7386976413760118
1.8414764369818757
1.5505328988588951
1.6802013586003988
1.6243756058318874
1.6576374036922132
1.561353828642
1.698080875670015
1.4066322630995447
1.8119626554885442
1.6435222247061458
1.770353265667402
1.2840832603623529
1.5341544387781876
1.762568035692973
1.6570123946325466
1.7005112939511668
1.766058599916563
1.5222832926499568
1.7850541899029457
1.4761583262439246
1.6894327870864108
1.639304036618843
1.7979037865686265
1.7891342091178477
1.5486224539041296
1.8926001865264375
1.7625913630217007
1.7627017075941418
1.1705318040450612
1.8447792216360226
1.142967241874266
1.8515688053657369
1.6846715108939034
1.792171853598825
1.6779832433645192
1.5504263452495441
1.4286442189188278
1.602588547995984
1.6949308073910683
1.8370658087071199
1.7183343081768077
1.7052887949213513
1.34474000120202
1.7972969682008832
1.8189931351278126
1.842078200412093
0.9273201267523689
1.3749801867105869
1.509174462048099
1.9085641107866096
1.487639033497087
1.5726681530674296
1.730668336927648
1.7079054059421497
1.4909801271426186
1.8924238728616296
1.8912767631331941
1.756093372516826
1.8928944191501995
1.8286195500995104
1.6306688463355499
1.6963142327898684
1.7970898397157702
1.6818268529857667
1.8151068344366608
1.7391143479125735
1.6946922587415245
1.7374488097999903
1.648392818143215
1.221456847882354
1.863563938479124
1.7175501632447765
1.4054288231087115
1.8287511206642983
1.7628209512156867
1.8227567317240816
1.8858421716566054
1.5659202845939886
1.886032131008732
1.7980684918162986
1.7951140116708166
1.6383315735979513
1.5925793604865617
1.2796483884952794
1.5581161869348314
1.9001474912547995
1.607412455607733
1.9278843044660006
1.7610827255644712
1.6421718406815227
1.7985783837461264
1.8987743601584075
1.7351548993657717
1.6335808246175365
1.3634687270331995
1.8002223931058907
1.892243686913477
1.782569668292473
1.8979975206848552
1.7522700067998689
1.4248694501898809
1.6983661555001
1.8311092394665867
1.7291005984314487
1.6818983810294883
1.884300637959609
1.6081137560908996
1.9010651274284052
1.2030376652377124
0.7107683798247366
1.8477126222700406
1.7569795615409247
1.514141689016225
1.7024199688542294
1.606479847834414
1.392994026393874
1.8635613008014735
0.9550285639143758
1.7650434357105378
1.734621224245248
1.3348109839599958
1.8253579898396362
1.72507050241345
1.7021408721499982
1.4971514397850485
1.6896812182753176
1.6810601486395818
1.7605552464385565
1.7771402476760307
1.5812005778110465
1.71104955885217
1.5504879362059314
1.5411127230448847
1.785384489070188
1.5433034823445706
1.9212156248815242
1.8135305546252494
1.8101036879405605
1.355683997068793
1.7676269060753849
1.719967960678702
1.7756394221516492
1.4409019874871882
1.4104097123774042
1.6004886865795274
1.739064850554159
1.6792172835511459
1.7435777726915571
1.5960707353671484
1.8607017076294317
1.6911936110157084
1.8770638312573644
1.4178355625498789
1.728780563505975
1.6669185636833495
1.8350515422881493
1.9060249563620817
1.6724674963026476
1.805438693746246
1.5101151846763672
1.7520915742262655
1.6926119356255995
1.7563722707219793
1.7078763010292644
1.5881046899165017
1.797735407000477
1.2777213757724115
1.623855742194569
1.8172520286681073
1.7092361813196277
1.6315416879417517
1.8392616803417896
1.694910375079495
1.8136747919812124
1.823168712495794
1.729795394105905
1.6445111865671396
1.5633927650755761
1.8900972406692786
1.9003798652931867
1.6456382159937992
1.6988662437301945
1.6177124531579308
1.8112157576078975
1.8095184863783
1.8664948373582875
1.7708176258678454
1.7489349071942566
1.7935697160846327
1.802358303896551
0.9126120376273374
1.6487514469216813
1.7086916910862635
1.599742716020002
1.6744455785780037
1.688247712649791
1.7387407110150792
1.8799313357701994
1.6992207692992052
1.4859606387384323
1.5654294353138767
1.6853265018208765
1.69545167692503
1.7935714941676764
1.6727718603811639
1.1477340888643603
1.714412713270256
1.7176154209791339
1.6808618458457039
1.635802883557347
1.7243899885374085
1.8407596171123572
1.8063300591898248
1.7185749916490733
1.5736386806728238
1.8016024494502603
1.7655075875424608
1.6625404853122068
1.5351769906098565
1.875962478921875
1.576032298558818
1.338199383859833
1.9203787826920098
1.3902246653776227
1.582450764138304
1.7516300356649825
1.3314850028958323
1.7323618612051706
1.6113168850397592
1.5273003509392014
1.8483310536153996
1.534900348987709
1.571701382453609
1.8721493069025692
1.3812269147831375
1.8638397272205205
1.8439594867487006
1.1589218247173096
1.7985861625180486
1.7259652478401823
1.69062594190247
1.5780726741941615
0.8189678111407
1.815340613336017
1.863357626191829
1.817089745370445
1.817365909733982
1.8820763710806563
1.860005354519473
1.9068904159948616
1.8098467975013555
1.6530242041437555
1.7674240761514874
1.5217863867266441
1.0673496030760738
1.8808867097600905
1.696499533444353
1.5517127736535394
1.7257268902807787
1.8062723249485386
1.4775433173625367
1.601855342494563
1.5485097613336563
1.4487431029679951
1.5691654773919457
1.8110907327152164
1.4242295936760498
1.7068520036079926
1.712475158715137
1.3370083449117651
1.8205395164942992
1.8011469540849885
1.8950848499210413
1.556888080450369
1.7115024153476166
1.7523043281277173
1.6342494152010747
1.735277863386828
1.7445575688183377
1.764501246967196
1.87374562952188
1.8549526905740301
1.8508768173222625
1.8263853877399696
1.632880082273109
1.8239374395755017
1.820810172490521
1.8208252277358972
1.7049611984010693
1.615762079419738
1.6796345451400334
1.793890993762781
1.596453446049828
1.6839224970887994
1.465684404366178
1.7385457453103605
1.7014894718760845
1.894887921875967
1.791869430485824
1.7481393181331104
1.853924642801221
1.5069325040705086
1.428697504762164
1.8505738494855668
1.4186573231670445
1.566133933797241
1.6738121717736443
1.639790519134879
1.477778850717586
1.757852738785191
1.7548028889417784
1.5748240986432385
1.6492813416420777
1.7165239596381685
1.6791263759226864
1.7607563464637037
1.6223950268454022
1.7155351445791158
1.8588964502319774
1.5448744561554304
1.7500870347545021
1.7174383563902038
1.831964035732893
1.657077603508917
1.7614524248971535
1.7422087335845509
1.758746583055656
1.7503873914970127
1.7558644966691757
1.7156832996696596
1.6588445427861218
1.776207273570621
1.8058585825816185
1.3526245861668993
1.7739623359406393
1.6267810070102156
1.5112460946506132
1.672072402610507
1.360493696712582
1.626225177645023
1.6360113117495474
1.862318273091235
1.7447303021758496
1.4616199849365956
1.8179552535167065
1.7531953190595813
1.809339335215195
1.821057747021186
1.5656679304437062
1.8134191644739337
1.6872559106783598
1.7803519863136537
1.782662997327501
1.6744279671842435
1.6290922840470357
1.8804172905104293
1.3687384312955777
1.666331539872362
1.56984687965865
1.79766684596472
1.5907823023813552
1.597344547592269
1.6843871397646606
1.6812766487170339
1.7681615608480208
1.7569280840931674
1.53024345813117
1.653375517715895
1.864258680291033
1.695829567704966
1.4136055546344637
1.1090153492832824
1.7289520811329395
1.4612794535360072
1.8498142666881805
1.710523416482651
1.459060690346474
1.5799830284020493
1.4212251132742404
1.593358812278477
1.7274214099535932
1.8403112421563257
1.859445686928478
1.714942338939128
1.835817716622867
1.7263092117805194
1.7678416112054105
1.6102365938589658
1.7525041851487215
1.7645261935812058
1.5791420415374662
1.6173706788358366
1.7824407545785694
1.7406687891628845
1.3399646093995783
1.2049724731412068
1.7551754180676489
1.82814216075294
1.7142440949915658
1.825114329032519
1.7392496157861514
1.6218300655618876
1.7127378118508347
1.8192956180980597
1.7330647602199
1.711649596904909
1.6886367410470227
1.5206877218070756
1.4964411432521445
1.5897868049612969
1.8666118819426651
1.8504062836368236
1.6672733941527762
1.9065808641358564
1.3760960477368027
1.360143510522392
1.4258393411077348
1.766479967073986
1.8106261859150414
1.705135365237468
1.6894796702455177
1.6474726445138403
1.8650798860782543
1.7441627431763833
1.5292439678131333
1.5479384694112823
1.880877067810686
1.7889954875928606
1.7502415730897558
1.8237618519836771
1.6151126111183909
1.8572603372664651
1.5769710914695145
1.6681779567560326
1.7007644655754528
1.7931107234043901
1.7314698853202424
1.742666489447829
1.7142717010696165
1.6741442712330539
1.8608450315549256
1.4886855622317139
1.6100380843902047
1.6706228783357235
1.8319591169262133
1.7476087727351486
1.8586626269003317
1.7700821462520153
1.7422547906873471
1.8756997897986716
1.8756062186140958
1.682976106607419
1.7443658658434205
1.7854387733790664
1.8819446303595695
1.6769960119439198
1.706764879191988
1.8219302808220637
1.51401782170971
1.6979078045453098
1.7306794275401978
1.7685492510258405
1.6746900813651915
1.5597335372660501
1.6941195655245882
1.8472149776909248
1.5400311338274855
1.605737891566647
1.7778035460178772
1.7551795675104085
1.4195121456368949
1.4894321426764434
1.7171946914390195
1.5241740037557565
1.7738885167918412
1.6547726220988352
1.762157043956163
1.6750565999432174
1.397593287347239
1.7328340519489462
1.8042442809937584
1.8339464731951087
1.8294096849642096
1.7524460869667928
1.7338317129567544
1.5968171133007116
1.6957397445781461
1.747278273638597
1.6116767021088374
1.6744216719247045
1.7202109374605774
1.7770486950001139
1.7820008347365328
1.7966942953734146
1.8122323832147216
1.6791884578638567
1.6617361395168848
1.8402854956760806
1.6288022385700884
1.7301441490917775
1.5638752861831646
1.8935353476653687
1.2629011131954995
1.831934546578398
1.856352231246268
1.6973620247959933
1.8770655031595145
1.7622814799579358
1.736628289161724
1.840418907196081
1.776890232054302
1.0467514626000884
1.808931160603196
1.6964118384141693
1.823929824883652
1.8494164393942127
1.6850373600065485
1.8919270577346297
1.4847364675362302
1.8619581022597114
1.8022991943584126
1.5979968214203188
1.6094221535472508
1.6953401339954315
1.7040086537830228
1.4357540421072152
1.8120323261846805
1.7283242183446423
1.7123742534432898
1.7866270277417489
1.747914570971244
1.603986004335623
1.553279717263368
1.6706273718106104
1.6601815054563434
1.8047766932549325
1.6267014968154745
1.7783607001084933
1.6720433762531304
1.5129249157073141
1.6567745586378337
1.6777723168184924
1.6549129049675577
1.6781775594583972
1.863367642121828
1.549080635170391
1.4905232027282402
1.6524676204872424
1.7403407520473968
1.6462303727375498
1.7127507471476104
1.441861695282858
1.6583788099730097
1.7241546374985988
1.7549936186530946
1.531759681391888
1.8211097134503342
1.6856340617749321
1.7964374406119799
1.1555895662812696
1.475339830076211
1.8022363598745859
1.6979216682645475
1.7327437924393854
1.7760656788219633
1.7045957443169488
1.7530843635068685
1.7908955393525552
1.7186117555292388
1.7716699785463401
1.5786552766289133
1.5454999394404851
1.7050374772565453
1.6768914805072206
1.79321698766391
1.6685937821276222
1.8366654142718126
1.7311489152353994
1.760036820622935
1.6460395333773707
1.6279592287052143
1.7376245168849462
1.2717144145422836
1.5975819868046
1.7296559351935417
1.6416196392828304
1.6662983703165133
0.9346144657770816
1.7463119064430244
1.7498429045039297
1.2203870410691715
1.752788183985682
1.6993840034031154
1.4827616839778333
1.6773399368511948
1.6865917944952442
1.8001395415743375
1.7970171336673184
1.703583336047939
1.7543255475898942
1.766841998780085
1.7697952714774423
1.5452999288429432
1.8412949182364555
1.6465467374007428
1.8338831291472981
1.756781078561667
1.6658314395930605
1.4300797673729528
1.557892867333308
1.6960422546786695
1.6457715040487035
1.8111869835595855
1.691814109568502
1.8974203581155875
1.7635891354524837
1.641378984658641
1.7712276228820198
1.5632722316110816
1.6387436785328244
1.4038925599364975
1.713948872164401
1.8990839654142724
1.5748167710230712
1.7091228310789555
1.79946649680295
1.737929481352052
1.8676716793500703
1.7186774405846408
1.8604791172766808
1.7419236481509643
1.8188666901483779
1.6051652219214574
1.7461798669131061
1.8635336985086748
1.84447212107202
1.7653042864866755
1.2815706811387195
1.480265849450224
1.683776046646041
1.8466606194390258
1.747749085130289
1.3556028314280542
1.828385633156651
1.7775611260382662
1.8001720397874468
1.795599090809143
1.7709529672646975
1.7282540447820052
1.653762950021
1.858312697753188
1.803896475583169
1.8395511053054014
1.7072841804593428
1.902020853656565
1.7762850199423803
1.7128642392927265
1.2991545331075007
1.8396160644160282
1.8077920933225173
1.6915225379626417
1.6101368264796334
1.4903108057933114
1.865817738078607
1.458695904307065
1.7923838436283281
1.797078033152227
1.7131734575860733
1.666906235984251
1.7073156696649492
1.8083066246018769
1.928193069637172
1.7852432865961374
1.6992210518388167
1.5007645774503002
1.5436662510363894
1.7119350415663304
1.6061989393132978
1.810522738614704
1.6246530020331713
1.7866103957916566
1.8959525907721417
1.8361515828086064
1.8353834053443059
1.7311966408781139
1.682992636584273
1.648252523221113
1.5693491871233223
1.5148826465676632
1.8117968187003335
1.509159348370375
1.743485869268601
1.7466875550267837
1.3904946343841642
1.6206160807166128
1.8456134696814708
1.7927504125220373
1.540101212094343
1.6044754983320904
1.6963627196120787
1.793916667753049
1.8371791509827389
1.3358750398979529
1.8817987923209865
1.7952762130419748
1.8324034292380984
1.8578611006070864
1.7688167309976506
1.7818746249988109
1.8413047432188023
1.6084939188199971
1.8831279693913252
1.7792320381838065
1.7263326871101654
1.633440433855625
1.8859936340525878
1.836897709819244
1.7651067356355299
1.7004775489327577
1.7542467136513995
1.7048632044649974
1.5938349086064028
1.809521066212627
1.8385945433770894
1.8118462156869142
1.7077477851245426
1.69761025319915
1.6935189594221174
1.7349073698243107
1.6127716040970703
1.6631751473916665
1.6963182961237808
1.7722539450855734
1.6034797236523928
1.7708527322672816
1.7173301981082494
1.830514388855763
1.4925538457577485
1.746372686523965
1.7375028269607014
1.7067979016995112
1.6460017977080408
1.8584863264535627
1.6146462744567875
1.7876885996788652
1.7936107376997188
1.6161004567687594
1.863934789621039
1.7473344142711316
1.7823075818961571
1.7188767501566422
1.6837453899446237
1.6786758331962888
1.7672963237050843
1.9117109260989265
1.7947766763601931
1.6577788413179664
1.8786043262220888
1.678428713598773
1.920194208015428
1.757156380965191
1.786254755399105
1.545551265115085
1.6578371045822138
1.6430505987718682
1.8790149862996233
1.6401427171641887
1.5801594131900403
1.773324976753147
1.7401948905255047
1.7442793792857387
1.8622710972894014
1.715746865573347
1.4732936206287153
1.7047261893506076
1.6785467257090103
1.378681876259156
1.7779644677774888
1.5964138194851787
1.2989907572669497
1.7612462934057207
1.618303311945596
1.315942128961191
1.2657556233062774
1.629954824739129
1.6552937076985628
1.8347254523128436
1.2830344530875546
1.6403682159235247
1.6955646340212807
1.697899418732377
1.7672727555229153
1.8411442699291325
1.6351718305858023
1.6163537070356677
1.7381300413611849
1.568102740943456
1.7243643691426807
1.6765507834840108
1.4473897359191508
1.6066174533627933
1.4775259346596525
1.821669133462735
1.4296985559344952
1.749404718806748
1.8552733250994426
1.8073517231073037
1.8106966540981697
1.64881001662813
1.6753494190228724
1.6338822580640973
1.7209928453979055
1.332032112592884
1.6388725424416783
1.546308763202406
1.6157696571001583
1.652823887165366
1.815843206639648
1.4014282733551309
1.5752084523969632
1.8689031064382269
1.674058100036532
1.732780730187924
1.5895847516571657
1.655377041577229
1.3630603589302337
1.5738476629544194
1.845785521659357
1.1141349248540529
1.6921243838674984
1.757461879927964
1.2382294800989275
1.7041290540089173
1.7136435380436605
1.2962389147838507
1.3813879492862233
1.4119135400463962
1.2498206910051917
1.532870667837269
1.7058389634483972
1.657365007546666
1.6283638497943238
1.5780765720514718
1.6125690436309559
1.750319759428576
1.7885287745587697
1.6483807855032833
1.480475453810207
1.793431415817718
1.8328241440036257
1.5095697133435368
1.6169393788593907
1.523057991599404
1.5468246848352656
1.6761341754685395
1.6664969703650172
1.6534062569636307
1.7159320206887954
1.658814755938391
1.7844492384788813
1.7834800886523003
1.5678630046502349
1.5466262358988019
1.577286759082237
1.6533232144261616
1.2399987266274284
1.734635059402409
1.7471153872659377
1.1771291441547558
1.631512268695676
1.6802523549427382
1.2115812180458614
1.7016406085222677
1.4690857237136155
1.573669219901082
1.7741858914761337
1.6917286484618552
1.5293021162174623
1.5969704959895221
1.4011562688021035
1.3372381988801902
1.120193481711754
1.525143206674815
1.6123956851168928
1.0620377318462753
1.8091913560348145
1.702699824620718
1.6866337514488015
1.6023803510402408
1.625105703834389
1.4275154978653664
1.7354428884178967
1.8314997517536946
1.76126349211183
1.7450941847272496
1.7983345864657978
1.7727315038075475
1.896129879314647
1.9202299879461995
1.649888206029856
1.6059382865430936
1.7692040079722793
1.7927926635025087
1.6449852899404782
1.6755655300418228
1.8347203873253617
1.858840048095913
1.6543783171139705
1.7187144757223214
1.9148153360641775
1.752094982146782
1.8431402673810842
1.7700040037634484
1.8504693345786813
1.7741150236927334
1.673260975753262
1.7641849915395562
1.8706734417738402
1.7484633045234552
1.347724440428462
1.7755002256379229
1.7008346608657277
1.8439702062780328
1.8215455385184933
1.6354043018670446
1.8574464383612102
1.6457339579752555
1.1512270082858134
1.6113830437087246
1.753754373985331
1.7835681527215093
1.6768008127369534
1.5098275593455268
1.777669156414302
1.6473584572534559
1.6607095882594831
1.739956914228626
1.605756602100788
1.7431911308424308
1.904350767139288
1.647100145582315
1.6699203122464992
1.7930046828152757
1.6187198863136487
1.7700264252792082
1.6281584103565063
1.6261700255755778
1.7581624874168842
1.6337742101752672
1.6601346706351323
1.8413265465808144
1.624983755708504
1.7068112648186882
1.5323066776833987
1.3329952749035898
1.781780827569378
1.7967500775951444
1.7538898201609057
1.8016926475497188
1.8375432805456935
1.8194798639944754
1.8208541286102164
1.8439493798894209
1.7101197431173631
1.6725373501796514
1.6807684343572442
1.5718472995685007
1.744228165982317
1.7744073637843911
1.8857089876270463
1.8553180198175758
1.6382216311835889
1.5355413065147578
1.7405792123257
1.8514122057335811
1.7032150625236537
1.690217421814325
1.738189136759022
1.9266025251080192
1.9043676394298117
1.6988785604363903
1.8647001313939375
1.8694916220618776
1.7180662169020298
1.9108082694406614
1.8353136377920034
1.8323695559735524
1.6390117567846278
1.7496860350488352
1.669804085618356
1.6426703662077458
1.8439692345572125
1.7711454488826828
1.7465269392724971
1.8113838909730982
1.7602928439718628
1.6836130300259153
1.8743372684002075
1.707653035000937
1.892368241330465
1.8985151305781665
1.675465325800661
1.844310993890156
1.6279130515295217
1.6883089468375079
1.38498415817394
1.7204572239061087
1.7401325194274222
1.674586845573949
1.6901115012205996
1.4795193999734906
1.6441523099361963
1.754391612200085
1.6795244867485655
1.6680103349912627
1.365919947725197
1.8233398715656506
1.6777841895198446
1.6121204091746268
1.8277036395756132
1.878990706692631
1.8725444002441651
1.8119876507547519
1.844752933002154
1.796692670774796
1.9063894140428093
1.6138144094451672
1.7312675977435585
1.3260615961227382
1.8355155627652393
1.854532955940349
1.7662927640664325
1.731502531639911
1.7768727492664023
1.8610505358019995
1.715861675733759
1.5982248762752211
1.8938542782104457
1.793345119748805
1.6448047411537983
1.8328003937491582
1.731001328426344
1.6667867509032912
1.6888934865615541
1.7541466532497643
1.7200325406628347
1.5031236254572502
1.6425807164112607
1.6981230996334897
1.7060212070515923
1.6122053760618407
1.4695172403643586
1.4492398022790787
1.8747356654163805
1.5099831922236069
1.5400657774047835
1.7299978876339435
1.8601981496460926
1.7988064012407279
1.8667164830290333
1.6863702297596372
1.8080905977618846
1.9121820334299824
1.511429264268527
1.76967881878208
1.7300088837832355
1.7003691958271068
1.816506593115546
1.6497912647726036
1.779287313991624
1.7994783584385983
1.5249689472509014
1.6804064336179045
1.6347004409631618
1.7265604431996058
1.819541642949809
1.87843153321372
1.7948544596040885
1.4822675107966061
1.5446829032759815
1.6724333766149049
1.8739231674335541
1.2882517393666344
1.6350898802401777
1.7511161448594812
1.8768131352731956
1.703443176275307
1.8579156754350035
1.8780158114202206
1.7198091181682076
1.7640252119162483
1.6301480639691206
1.425321127677676
1.5831962050941244
1.5637155762030766
1.517315235096541
1.6416678366021777
1.453646288043831
1.6757403821720112
1.5964738900245974
1.7317671461250799
1.6278603340855942
1.702274593948121
1.7197321851306482
1.3887709929625933
1.6775378732006416
1.2583554387117983
1.829741152021778
1.7329013194628715
1.5358932928421491
1.7424653361892406
1.6409648386388362
1.6931562090879004
1.650320307576345
1.5887198640249556
1.7662518291121823
1.7100996664977153
1.6949643175753892
1.7672401930647847
1.6494630092456513
1.5977539247195187
1.7099715316466546
1.799964184461955
1.5517584837398761
1.613789768712427
1.806010958670636
1.7435905594261651
1.7504014219030692
1.8357347115315172
1.9277661258537007
1.9024429577490143
1.6837136333976068
1.5848417587533838
1.7697904755706584
1.7682772677391043
1.7691715343908125
1.748317269982168
1.6383817730326846
1.376424910680709
1.5276188389032794
1.5276996599382162
1.7036093172161753
1.704554762345469
1.852023804184229
1.5940360960328765
1.9042689140449194
1.8856181261717826
1.7458082807986475
1.9172117018212398
1.7162826230529038
1.683654169496491
1.6077438301732268
1.554772458583564
1.7812964337580877
1.7841051787777724
1.5726526706564812
1.6404604830669909
1.6777776227661716
1.862405129878327
1.648348611582846
1.906176757243244
1.919918246766675
1.9104777469504495
1.7469523640379492
1.8766762666972021
1.8107092726302148
1.875230616936611
1.4054271050682152
1.6749973386175
1.4423672309375213
1.8139893334430115
1.84913840566408
1.907617109270222
1.9255949881269063
1.8266133318590554
1.5427164794398276
1.6076077992723972
1.7120718919709788
1.6316799142556064
1.6436805716957876
1.7370635846244507
1.6186571302766928
1.750402901137739
1.6958850814194282
1.415771692289689
1.8426432664366905
1.6107319449437605
1.8614164260189945
1.6895210340755495
1.7736205328935073
1.6317637574943618
1.6834467479748687
1.855542468368043
1.8763915982833337
1.7773342193833748
1.7159431042423374
1.7161718619538213
1.8389017414932223
1.7035476373218696
1.6303578260323723
1.6661609803107646
1.6786310906585635
1.8769277710841472
1.8793043504311304
1.8072337408979415
1.844612165761833
1.8755915251680937
1.7465265390822964
1.757826946861602
1.361346268647658
1.7620860513543222
1.4102376008954194
1.7114876898622406
1.746158207171266
1.7100023823022887
1.7231923724069338
1.7900591284181386
1.7391121824596487
1.7284860274193117
1.6203113154645712
1.5244060585412025
1.7288376394653344
1.7908300618977744
1.7366918026733957
1.6278421190766053
1.6088173096635896
1.5288133648964817
1.615290580646215
1.5184598766087394
1.6258007894434794
1.723275890334473
1.3219261826764193
1.8408027362761266
1.8816903998887342
1.7577410993380826
1.46728272841385
1.8726751180346421
1.4927473961818787
1.6624850905874473
1.6345576000685307
1.801608159058343
1.7221377791175134
1.726099405334816
1.7607962497280611
1.638200490307781
1.4096396246445124
1.7271679434179306
1.764798478814977
1.9206331305608348
1.4467446911057973
1.8180958571639427
1.6893019462205465
1.7543702724968009
1.498465542673058
1.752709387920488
1.099180379541756
1.4961047687896265
1.7576916031651042
1.7984739852866982
1.7601642507850066
1.5198045975850052
1.708523980833815
1.8852891373192717
1.9084424611287134
1.5892003858356063
1.8873775785564317
1.632662594992098
1.7770391719747083
1.5901633894342804
1.7736834982560346
1.8672489398041119
1.6826835583804944
1.69610759200628
1.8445129154885223
1.3045140199705239
1.6405913193051354
1.7817102126957527
1.8113178999171957
1.082854054900028
1.6766882334880715
1.5083645450521503
1.8074859140587283
1.7231315200145172
1.8285168390426874
1.779092873920443
1.7262717367171914
1.8559701344327866
1.7441173926172424
1.7544048617334909
1.7694099952777262
1.7019410170575475
1.7316973526266817
1.9256813832792168
1.2773804946500593
1.4765806703997681
1.7499743570449093
1.7105356415835082
1.7005164139330837
1.669733630524863
1.6906244699604551
1.7434914869707898
1.7456245730141242
1.5755540881391334
1.7584002524200493
1.8709151436532072
1.6203700587082002
1.6922046773993875
1.647493352751681
1.6734711476852187
1.797871241770098
1.759066439077561
1.9054603638919416
1.8900180650359615
1.504219157208499
1.5116946055294753
1.4900886999712435
1.67163476271072
1.2359389567504326
1.0872306215256187
1.8008402792700942
1.7010782030397056
1.8320140987355373
1.7736406340631066
1.786064957350739
1.5199317805720212
1.7709259327848077
1.4162536410083988
1.9162318282625885
1.7040112168246455
1.728471152350728
1.6299949732118364
1.7254667680765368
1.8911808099817506
1.818906168657454
1.814831099531093
1.7144201220754887
1.6381878391227778
1.6799545496224324
1.8410885925228881
1.8122230577474168
1.4708945560898057
1.7467912114789594
1.7571693993025503
1.7624768616425484
1.8463487534300516
1.5672350023545443
1.8650737708987017
1.641047440553842
1.757143445840213
1.7860323178479018
1.8064472534175289
1.7400449086594765
1.7680636777257686
1.5893352191088022
1.8570148529550186
1.4626055593452048
1.725367685852358
1.7722696566088125
1.0887692732249556
1.858815482060241
1.8018800003387512
1.4682621907509983
1.6860859323389108
1.5348098653759437
1.7267160472611212
1.783038450110289
1.7062931566351285
1.7405909001773603
1.5786384895257508
1.8470444474708752
1.8186803844891046
1.8659377511059445
1.8434342866003535
1.6293508034722228
1.69058621909608
1.686778907687057
1.7405321413695065
1.871251367688053
1.6530899884026042
1.4732961595337681
1.8018183117284707
1.579204027716866
1.60375091926556
1.6428622891329523
1.6627984714858421
1.3836890102916162
1.8296054803576525
1.8412458771880302
1.859722608318984
1.65284852317165
1.7122535015630254
1.7575143282346177
1.8274551184363865
1.5155931469026682
1.7797356524749854
1.7970857801328095
1.6162585137243806
1.767114161300115
1.7672693832774096
1.7590168423640888
1.4930721813161694
1.590690673587708
1.9118907353246666
1.544699002955969
1.77876891538466
1.6697210914393354
1.561006808062896
1.778536032376454
1.7148760783736825
1.725498701248369
1.856584475210095
1.8775785918254873
1.3777967641043085
1.523770913003714
1.605483343225198
1.620766879568107
1.5326468761279117
1.5501302065806057
1.8304248624231756
1.6499037400508336
1.7102394990067367
1.839192339975713
1.5823374962511723
1.6336223569659452
1.7977245130973827
1.8277197757179542
1.864823152149887
1.8449095192731673
1.8558242488578736
1.67130042407053
1.6441024860496694
1.715204107860452
1.6698768098194512
1.597077346934603
1.7882434958759392
1.76435223719208
1.7641049081364242
1.8331990584148994
1.6849556656948534
1.6079180020291082
1.511232576161764
1.6583470110564564
1.906421506879163
1.7780084258392344
1.6236138998000937
1.7635513614141491
1.7306669269681965
1.7495629620741506
1.850121004468553
1.7684912725962567
1.8078857615511075
1.5259388463924108
1.7292059060193876
1.7148223635353321
1.8426501029306483
1.7642912926386303
1.7385955075679906
1.5584579664897646
1.7778709606338967
1.7777060722398847
1.8749635207761903
1.368041370906078
1.7382568340503124
1.4624202656270489
1.4977343988669325
1.892087789036675
1.8328100944962646
1.219775389249495
1.597013760809854
1.8716123932153903
1.8240620800408271
1.8627723879630669
1.7619498779223701
1.9176003095923304
1.9169528845949022
1.8157995200886337
1.6817362264598106
1.7913137980545693
1.7437215509363497
1.864359508059287
1.4733644502862475
1.6676067391955112
1.5675227627272699
1.778587308027658
1.6341273974666637
1.8399378478480553
1.7306208892420654
1.6805281971732302
1.7486904656983902
1.3540170370818898
1.7516826694611678
1.765862525412839
1.679229180423724
1.5890922877058289
1.7488943855675516
1.8839527374255194
1.7850324862047964
1.6233957854454122
1.8168271332695827
1.647187774200412
1.741530376962154
1.792145603185325
1.6790595780922604
1.8760088698117554
1.6612229279353816
1.6435011808385322
1.8183020176443048
1.7719450506284256
1.425142862437703
1.708920037604125
1.7137842126978962
1.6000595346505768
1.765211823185013
1.7859493777743067
1.7415428541219775
1.6299378543780076
1.6601971777456683
1.531605663705537
1.7800866118364387
1.91017027081964
1.792815569082597
1.5517992521092692
1.7723867626000045
1.7505694081295724
1.6170485396788359
1.7952878689008809
1.4251878097868023
1.8243958976576657
1.3085951827868838
1.808277181495493
1.5792048409244062
1.820338661431248
1.7592727530284953
1.5241639767766797
1.7286684478550396
1.8360703131370175
1.4585969599294777
1.83827504375285
1.7372598680290923
1.7867428810818808
1.8383497882643596
1.9249026580028656
1.6934911824959142
1.875658992208477
1.7354373881920704
1.8597934253462518
1.9286180386786536
1.8657281338309804
1.3668854114996887
1.8661184274259326
1.533344599356884
1.6890762338638792
1.6318978935559605
1.8155855463772694
1.6653302262949221
1.2667337379027444
1.9195706793046763
1.6567108680030627
1.800948642606809
1.343110344188833
1.7493827929547539
1.7177782794328427
1.7992263091481115
1.719675310608597
1.6141133485906616
1.8650002765629798
1.7102314926934026
1.4406557823141828
1.6164703923706616
1.8638942055186294
1.6724490234557137
1.5926337210400074
1.785157834006136
1.7745150037762518
1.844805522447401
1.8824438922166007
1.9112420919127677
1.7536371191995357
1.6208243308407715
1.6891839218389473
1.625391863583426
1.4295006459929116
1.7364547040850016
1.8705110711673474
1.752915015624822
1.8682812906638604
1.708955749325775
1.777817341597151
1.925639797319856
1.8768271343818346
1.9274058507097214
1.7382857505616052
1.8818704609234351
1.9154815992479945
1.5753657360892919
1.9053227239877937
1.540013388704334
1.86075982160164
1.590516283468619
1.6658464231234038
1.731727823140285
1.7780625524078986
1.7364087250289706
1.6169812728855881
1.6641473124863997
1.658826144073015
1.7451930351202192
1.7116370965329748
1.6470051448586012
1.8556689902209267
1.8420666688579455
1.705508175925505
1.8865783287619227
1.813955503648121
1.8055743260903891
1.9179942336227491
1.753542614226528
1.889998099980327
1.4761533763079846
1.8516382707120271
1.772117565441437
1.8539491956512062
1.5353114730615456
1.786908594815899
1.5617236772243428
1.7300659987487217
1.8758652335949415
1.7611803546458469
1.7808833518513274
1.6410671461676893
1.7273845504888758
1.6995523032707054
1.6713254121387506
1.4482169545440815
1.7385387926693001
1.69268807181938
1.653632487854101
1.735009671257107
1.843403969911145
1.7683111778928717
1.7427006657136603
1.8772766610623588
1.4537516519784246
1.7018519225574653
1.8793860006568879
1.5643159697911277
1.6995206553352673
1.6041885796118158
1.865802029475264
1.5891900636821106
1.8401623449102804
1.9114584000842616
1.6184217946442383
1.712191173035656
1.7641898475872577
1.5826517607241266
1.730864329928607
1.778812851344107
1.826452240262848
1.8725756114599958
1.7322954222947842
1.8697797436188761
1.7504963420026822
1.5035356498144918
1.766479025714997
1.854809256462703
1.6906554094750073
1.822432937796803
1.8106410772064336
1.729540055319389
1.8416980472013655
1.7667459890615154
1.7977842512533933
1.7119584912978456
1.818045749394339
1.6820057855430934
1.6369827640604317
1.7243130504966917
1.7597099405166552
1.6132860345556015
1.3638428696962221
1.4025514184516201
1.5499547746272746
1.7537179052977037
1.7765131347377396
1.5641050297846668
1.793151420047318
1.7436573000123867
1.6590592089322498
1.8377579855426527
1.7493124790571521
1.6838630308106193
1.5939943499419582
1.7196300522430656
1.8769234774411985
1.679211963130837
1.8710588930820942
1.786697276454383
1.819346333807702
1.8257224150728273
1.8597684454565115
1.8816550272218795
1.5880527221436491
1.8874343922637955
1.6789404836770645
1.691931845535985
1.6735036816959545
1.4173706940288735
1.553249259647763
1.7432009280800516
1.690330102857383
1.4469211735679892
1.7604824174305966
1.9090410641318334
1.610339147094277
1.5812436475506273
1.8972195738494337
1.8810057316483006
1.4019039930146073
1.702180683409134
1.7398162521071743
1.6986845658213527
1.5216058086744468
1.7819996293718519
1.8426898766623836
1.8702843876931419
1.6795517016141437
1.7336051885238235
1.686752205690751
1.759436166066345
1.8487522017068116
1.8069099179293588
1.7579679682943605
1.6403047345651718
1.7194311773791047
1.746673310961845
1.5907150558546743
1.807638466158432
1.723183179335646
1.555325050891166
1.9075132071924963
1.874329672903401
1.7746746972080976
1.4039033100607896
1.5911672497830043
1.8505366607543836
1.6492078634016707
1.6166462969617872
1.6732204535597839
1.4840995680666473
1.747809881836894
1.8479139484631526
1.7522014603668106
1.7868099670753081
1.6786188367129606
1.9070406743392063
1.5809422717734152
1.917688212081683
1.8731808863945472
1.6873150982416134
1.8741543624812762
1.540976571970186
1.6353449388838264
1.6460925379046965
1.7532217741876754
1.7893435568791836
1.8461012662860017
1.7432648189102824
1.8394714406374146
1.3314575910288313
1.696296728051192
1.7265892275954857
1.4513317283675475
1.821601774641833
1.588729158160686
1.5857712616530657
1.8641707630158948
1.905708026296469
1.8369029565137809
1.5913438047975539
1.6201587145731284
1.9171490190084945
1.6913422647599214
1.7922489596923106
1.6660074018269728
1.775239191141586
1.788374114167591
1.4548425991297338
1.8914478725445838
1.7338209835166396
1.7898437050909184
1.7167084465918423
1.4044531886249472
1.507306439086486
1.6317397131824567
1.6511837838136318
1.5450520073698053
1.740255873795617
1.7661760589145254
1.8889506415290698
1.7805438228123176
1.924859039536536
1.8085134835417913
1.751437722114047
1.137623928048119
1.7076934507843848
1.6960429966116217
1.6755471404792046
1.9124119149352858
1.623951232109777
1.5735043713300403
1.8550284663821845
1.7641269976523373
1.6031809389483305
1.4840610468669213
1.4224565494424573
1.7106049281711084
1.7933597015788272
1.754624988133582
1.8856035336837351
1.641019983142213
1.7843591257164404
1.6020373083529842
1.5533469274879133
1.8666052993240003
1.899231461481744
1.9021974475530607
1.8687601787422554
1.8808827366621181
1.6652781183658667
1.9203187569250357
1.8433705597756145
1.8448576834453307
1.4884872380699945
1.8680010906805262
1.7928149778849565
1.6436096874635318
1.7551861544490595
1.8402238496249637
1.7636809053143967
1.8467686556970426
1.2803069009660724
1.8235916914949761
1.6558847451546017
1.7676154180133434
1.6875843882291344
1.674884971389338
1.621078127622127
1.8093310121992028
1.724541563277911
1.614072529406454
1.6670225192765105
1.0337304517478527
1.2594632455597796
1.8485275689354546
1.7996888705495844
1.7887261544675324
1.3173457922696272
1.50357235302905
1.5396073029020292
1.6867721293014026
1.7038603618110701
1.7372223693926523
1.6778404869819683
1.6099126256865102
1.7411816778539477
1.7148266915518628
1.8510795694039461
1.743551499627094
1.885780819585029
1.8550045979040597
1.8258137247065904
1.5464078935497683
1.8162692879329714
1.786762848471833
1.7575597191131282
1.6090854916184856
1.8027888369462586
1.5875665965810042
1.692553016344051
1.521231497476794
1.7948103548218923
1.8384945675220796
1.7563377272689475
1.6937236670708262
1.8424853669409034
1.6048505841751661
1.219941647171757
1.7695657546611778
1.9224930506122049
1.7469048613524831
1.6953427619301442
1.824939327949903
1.8659962775643586
1.835661525158745
1.8207807651711811
1.5860774095579953
1.5848163669909359
1.801655586813553
